FINAL_SALES<-structure(list(year_week = structure(154:322, .Label = c("2014 01", 
                                                                      "2014 06", "2014 07", "2014 08", "2014 09", "2014 10", "2014 11", 
                                                                      "2014 12", "2014 13", "2014 14", "2014 15", "2014 16", "2014 17", 
                                                                      "2014 18", "2014 19", "2014 20", "2014 21", "2014 22", "2014 23", 
                                                                      "2014 24", "2014 25", "2014 26", "2014 27", "2014 28", "2014 29", 
                                                                      "2014 30", "2014 31", "2014 32", "2014 33", "2014 34", "2014 35", 
                                                                      "2014 36", "2014 37", "2014 38", "2014 39", "2014 40", "2014 41", 
                                                                      "2014 42", "2014 43", "2014 44", "2014 45", "2014 46", "2014 47", 
                                                                      "2014 48", "2014 49", "2014 50", "2014 51", "2014 52", "2015 01", 
                                                                      "2015 02", "2015 03", "2015 04", "2015 05", "2015 06", "2015 07", 
                                                                      "2015 08", "2015 09", "2015 10", "2015 11", "2015 12", "2015 13", 
                                                                      "2015 14", "2015 15", "2015 16", "2015 17", "2015 18", "2015 19", 
                                                                      "2015 20", "2015 21", "2015 22", "2015 23", "2015 24", "2015 25", 
                                                                      "2015 26", "2015 27", "2015 28", "2015 29", "2015 30", "2015 31", 
                                                                      "2015 32", "2015 33", "2015 34", "2015 35", "2015 36", "2015 37", 
                                                                      "2015 38", "2015 39", "2015 40", "2015 41", "2015 42", "2015 43", 
                                                                      "2015 44", "2015 45", "2015 46", "2015 47", "2015 48", "2015 49", 
                                                                      "2015 50", "2015 51", "2015 52", "2015 53", "2016 01", "2016 02", 
                                                                      "2016 03", "2016 04", "2016 05", "2016 06", "2016 07", "2016 08", 
                                                                      "2016 09", "2016 10", "2016 11", "2016 12", "2016 13", "2016 14", 
                                                                      "2016 15", "2016 16", "2016 17", "2016 18", "2016 19", "2016 20", 
                                                                      "2016 21", "2016 22", "2016 23", "2016 24", "2016 25", "2016 26", 
                                                                      "2016 27", "2016 28", "2016 29", "2016 30", "2016 31", "2016 32", 
                                                                      "2016 33", "2016 34", "2016 35", "2016 36", "2016 37", "2016 38", 
                                                                      "2016 39", "2016 40", "2016 41", "2016 42", "2016 43", "2016 44", 
                                                                      "2016 45", "2016 46", "2016 47", "2016 48", "2016 49", "2016 50", 
                                                                      "2016 51", "2016 52", "2017 01", "2017 02", "2017 03", "2017 04", 
                                                                      "2017 05", "2017 06", "2017 07", "2017 08", "2017 09", "2017 10", 
                                                                      "2017 11", "2017 12", "2017 13", "2017 14", "2017 15", "2017 16", 
                                                                      "2017 17", "2017 18", "2017 19", "2017 20", "2017 21", "2017 22", 
                                                                      "2017 23", "2017 24", "2017 25", "2017 26", "2017 27", "2017 28", 
                                                                      "2017 29", "2017 30", "2017 31", "2017 32", "2017 33", "2017 34", 
                                                                      "2017 35", "2017 36", "2017 37", "2017 38", "2017 39", "2017 40", 
                                                                      "2017 41", "2017 42", "2017 43", "2017 44", "2017 45", "2017 46", 
                                                                      "2017 47", "2017 48", "2017 49", "2017 50", "2017 51", "2017 52", 
                                                                      "2018 01", "2018 02", "2018 03", "2018 04", "2018 05", "2018 06", 
                                                                      "2018 07", "2018 08", "2018 09", "2018 10", "2018 11", "2018 12", 
                                                                      "2018 13", "2018 14", "2018 15", "2018 16", "2018 17", "2018 18", 
                                                                      "2018 19", "2018 20", "2018 21", "2018 22", "2018 23", "2018 24", 
                                                                      "2018 25", "2018 26", "2018 27", "2018 28", "2018 29", "2018 30", 
                                                                      "2018 31", "2018 32", "2018 33", "2018 34", "2018 35", "2018 36", 
                                                                      "2018 37", "2018 38", "2018 39", "2018 40", "2018 41", "2018 42", 
                                                                      "2018 43", "2018 44", "2018 45", "2018 46", "2018 47", "2018 48", 
                                                                      "2018 49", "2018 50", "2018 51", "2018 52", "2019 01", "2019 02", 
                                                                      "2019 03", "2019 04", "2019 05", "2019 06", "2019 07", "2019 08", 
                                                                      "2019 09", "2019 10", "2019 11", "2019 12", "2019 13", "2019 14", 
                                                                      "2019 15", "2019 16", "2019 17", "2019 18", "2019 19", "2019 20", 
                                                                      "2019 21", "2019 22", "2019 23", "2019 24", "2019 25", "2019 26", 
                                                                      "2019 27", "2019 28", "2019 29", "2019 30", "2019 31", "2019 32", 
                                                                      "2019 33", "2019 34", "2019 35", "2019 36", "2019 37", "2019 38", 
                                                                      "2019 39", "2019 40", "2019 41", "2019 42", "2019 43", "2019 44", 
                                                                      "2019 45", "2019 46", "2019 47", "2019 48", "2019 49", "2019 50", 
                                                                      "2019 51", "2019 52", "2020 01", "2020 02", "2020 03", "2020 04", 
                                                                      "2020 05", "2020 06", "2020 07", "2020 08", "2020 09", "2020 10", 
                                                                      "2020 11", "2020 12", "2020 13"), class = "factor"),